0 0.358660 0.948529 0.165033 0.102941
0 0.476307 0.729167 0.135621 0.188725
0 0.500817 0.476716 0.099673 0.129902
0 0.589052 0.436275 0.093137 0.117647
0 0.580882 0.262255 0.073529 0.093137
0 0.616013 0.136029 0.049020 0.066176
0 0.595588 0.194853 0.053922 0.071078
0 0.209967 0.613971 0.099673 0.134804
0 0.085784 0.745098 0.116013 0.205882
0 0.230392 0.370098 0.075163 0.102941
0 0.260621 0.479167 0.089869 0.115196
0 0.321895 0.412990 0.071895 0.110294
0 0.372549 0.316176 0.068627 0.088235
0 0.264706 0.302696 0.062092 0.095588
0 0.318627 0.253676 0.065359 0.090686
0 0.419118 0.257353 0.053922 0.073529
0 0.455065 0.193627 0.050654 0.063725
0 0.468954 0.160539 0.052288 0.071078
0 0.513889 0.078431 0.044118 0.053922
