0 0.301563 0.772454 0.147396 0.197685
0 0.362240 0.630787 0.146875 0.241204
0 0.363932 0.515046 0.132031 0.070833
0 0.370573 0.468056 0.116146 0.067593
0 0.388021 0.455093 0.106771 0.138889
0 0.403255 0.401157 0.094010 0.125463
0 0.404427 0.337731 0.092708 0.050463
0 0.627083 0.497685 0.118750 0.153704
0 0.607422 0.399306 0.079427 0.119907
0 0.789453 0.464815 0.111719 0.155556
0 0.027214 0.402778 0.053385 0.137963
0 0.084375 0.359259 0.076042 0.127778
0 0.169531 0.305787 0.066146 0.110648
0 0.229167 0.305556 0.052083 0.072222
