0 0.790850 0.911765 0.163399 0.166667
0 0.622549 0.846814 0.133987 0.183824
0 0.499183 0.939951 0.168301 0.120098
0 0.239379 0.819853 0.151961 0.154412
0 0.406863 0.849265 0.150327 0.144608
0 0.492647 0.580882 0.093137 0.137255
0 0.325980 0.709559 0.125817 0.144608
0 0.361111 0.623775 0.114379 0.139706
0 0.263072 0.515931 0.088235 0.110294
0 0.283497 0.441176 0.070261 0.088235
0 0.361928 0.506127 0.070261 0.100490
0 0.542484 0.549020 0.088235 0.127451
0 0.660948 0.541667 0.096405 0.117647
0 0.656046 0.631127 0.096405 0.139706
0 0.458333 0.767157 0.112745 0.171569
0 0.690359 0.299020 0.053922 0.068627
0 0.766340 0.341912 0.045752 0.056373
0 0.804739 0.398284 0.060458 0.080882
0 0.856209 0.446078 0.075163 0.088235
0 0.911765 0.488971 0.075163 0.105392
0 0.985294 0.387255 0.029412 0.058824
0 0.872549 0.361520 0.058824 0.066176
0 0.958333 0.585784 0.080065 0.117647
