0 0.094572 0.949973 0.145651 0.100055
0 0.295413 0.948054 0.133589 0.103893
0 0.452120 0.919956 0.119518 0.160088
0 0.600512 0.918723 0.130482 0.162555
0 0.096948 0.713679 0.103984 0.120888
0 0.173337 0.792763 0.117142 0.146930
0 0.233553 0.685581 0.099781 0.114583
0 0.308754 0.752741 0.107273 0.114583
0 0.356634 0.657484 0.091557 0.101151
0 0.224872 0.611431 0.070724 0.083607
0 0.091923 0.607045 0.088816 0.107182
0 0.102339 0.529879 0.066520 0.082237
0 0.236020 0.565241 0.074744 0.081140
0 0.355811 0.572094 0.086623 0.099781
0 0.189510 0.495477 0.069810 0.075932
0 0.461349 0.735334 0.083151 0.124726
0 0.423428 0.840598 0.102339 0.153235
0 0.622167 0.737939 0.080592 0.154605
0 0.606360 0.661870 0.075658 0.139529
0 0.470486 0.661870 0.083151 0.124726
0 0.482091 0.593887 0.079678 0.098410
0 0.417398 0.503015 0.058114 0.088268
0 0.507858 0.546053 0.066520 0.092105
0 0.349415 0.487390 0.048977 0.062500
0 0.266356 0.535362 0.055738 0.086075
0 0.226974 0.421327 0.063231 0.077303
0 0.271382 0.401453 0.047515 0.057292
0 0.319993 0.408991 0.054825 0.072368
0 0.344938 0.356634 0.031615 0.049890
0 0.452211 0.346628 0.028326 0.052357
0 0.907895 0.854441 0.118787 0.205592
0 0.926170 0.767681 0.118787 0.162007
0 0.898666 0.660636 0.105446 0.099781
0 0.938231 0.630071 0.094664 0.138432
0 0.736294 0.526727 0.051535 0.098410
0 0.702303 0.469846 0.058114 0.082237
0 0.669499 0.321683 0.037463 0.062226
0 0.718841 0.425713 0.041484 0.081140
0 0.836897 0.484375 0.059759 0.095943
0 0.811129 0.615132 0.086440 0.126096
0 0.936586 0.559073 0.076389 0.080866
0 0.814419 0.390214 0.063048 0.052357
