0 0.100000 0.794531 0.187037 0.196354
0 0.364815 0.870573 0.233333 0.206771
0 0.788889 0.852604 0.261111 0.188542
0 0.208333 0.643229 0.144444 0.095833
0 0.293519 0.579167 0.090741 0.054167
0 0.323148 0.541406 0.074074 0.036979
0 0.369444 0.505990 0.064815 0.031771
0 0.405093 0.722917 0.156481 0.111458
0 0.678241 0.707292 0.165741 0.102083
0 0.414815 0.635156 0.129630 0.068229
0 0.431019 0.578125 0.097222 0.058333
0 0.654630 0.615885 0.138889 0.091146
0 0.462963 0.548698 0.066667 0.034896
0 0.468981 0.525000 0.063889 0.023958
