0 0.355599 0.726852 0.181510 0.246296
0 0.695182 0.878009 0.220573 0.243981
0 0.660156 0.733102 0.167187 0.229167
0 0.600781 0.581019 0.143750 0.189815
0 0.635807 0.506019 0.114323 0.157407
0 0.615495 0.422917 0.114323 0.121759
0 0.579167 0.412269 0.078646 0.130093
0 0.371745 0.544213 0.128906 0.177315
0 0.405469 0.493519 0.103646 0.170370
0 0.420833 0.336111 0.078125 0.117593
0 0.675781 0.324074 0.035417 0.082407
0 0.025911 0.399306 0.048177 0.129167
0 0.065625 0.365972 0.072917 0.130093
0 0.133984 0.332639 0.077344 0.104167
0 0.229557 0.300000 0.038802 0.072222
