0 0.324479 0.856481 0.138542 0.216667
0 0.444271 0.813889 0.128125 0.216667
0 0.513021 0.962037 0.155208 0.075926
0 0.643229 0.665741 0.113542 0.161111
0 0.345833 0.464815 0.145833 0.085185
0 0.485938 0.443519 0.128125 0.087037
0 0.680208 0.458333 0.122917 0.087037
0 0.781771 0.372222 0.101042 0.081481
0 0.613021 0.358333 0.067708 0.061111
0 0.519271 0.320370 0.040625 0.051852
0 0.511458 0.274074 0.027083 0.040741
0 0.464062 0.271296 0.028125 0.042593
0 0.498437 0.225000 0.013542 0.027778
0 0.461979 0.202778 0.015625 0.024074
