0 0.285417 0.722222 0.137500 0.251852
0 0.654167 0.879630 0.191667 0.240741
0 0.828646 0.839815 0.153125 0.272222
0 0.644792 0.674074 0.139583 0.196296
0 0.146875 0.320370 0.056250 0.100000
0 0.490104 0.337037 0.142708 0.107407
0 0.168750 0.179630 0.068750 0.059259
0 0.654687 0.232407 0.069792 0.057407
0 0.515625 0.230556 0.075000 0.068519
0 0.347917 0.171296 0.054167 0.050000
0 0.329167 0.146296 0.035417 0.044444
0 0.406771 0.182407 0.030208 0.053704
0 0.497917 0.173148 0.033333 0.038889
0 0.532292 0.204630 0.056250 0.050000
0 0.521875 0.134259 0.018750 0.031481
0 0.541146 0.150926 0.028125 0.038889
