0 0.286458 0.716667 0.137500 0.244444
0 0.653646 0.879630 0.192708 0.240741
0 0.826562 0.837037 0.157292 0.266667
0 0.643229 0.673148 0.136458 0.190741
0 0.468750 0.342593 0.177083 0.100000
0 0.168229 0.184259 0.073958 0.061111
0 0.294792 0.169444 0.064583 0.053704
0 0.601562 0.250000 0.090625 0.066667
0 0.594792 0.214815 0.079167 0.048148
0 0.330729 0.149074 0.036458 0.053704
0 0.402083 0.194444 0.033333 0.059259
0 0.390104 0.170370 0.040625 0.048148
0 0.495312 0.145370 0.026042 0.035185
0 0.525521 0.157407 0.032292 0.037037
