0 0.321354 0.848148 0.138542 0.211111
0 0.446354 0.816667 0.130208 0.229630
0 0.511458 0.961111 0.160417 0.077778
0 0.646875 0.671296 0.114583 0.161111
0 0.391146 0.464815 0.140625 0.092593
0 0.528646 0.441667 0.136458 0.090741
0 0.718750 0.456481 0.125000 0.083333
0 0.795312 0.367593 0.071875 0.083333
0 0.627604 0.359259 0.067708 0.062963
0 0.520312 0.322222 0.038542 0.051852
0 0.463542 0.271296 0.025000 0.035185
0 0.511979 0.277778 0.021875 0.040741
0 0.498437 0.229630 0.015625 0.029630
0 0.460938 0.201852 0.013542 0.022222
0 0.483854 0.212037 0.015625 0.024074
