0 0.245312 0.792593 0.207292 0.285185
0 0.410938 0.853704 0.196875 0.292593
0 0.659896 0.815741 0.173958 0.298148
0 0.883854 0.912963 0.217708 0.174074
0 0.853646 0.716667 0.161458 0.222222
0 0.700000 0.627778 0.127083 0.214815
0 0.458854 0.648148 0.128125 0.177778
0 0.336458 0.599074 0.164583 0.209259
0 0.750000 0.262963 0.170833 0.114815
0 0.724479 0.156481 0.076042 0.075926
0 0.741667 0.202778 0.054167 0.068519
0 0.691146 0.044444 0.021875 0.037037
0 0.578125 0.196296 0.102083 0.066667
0 0.482292 0.256481 0.127083 0.079630
