0 0.282292 0.718519 0.133333 0.248148
0 0.654167 0.878704 0.197917 0.242593
0 0.827604 0.836111 0.159375 0.268519
0 0.645312 0.675926 0.142708 0.200000
0 0.415104 0.338889 0.178125 0.103704
0 0.167708 0.181481 0.075000 0.059259
0 0.307292 0.171296 0.062500 0.057407
0 0.585938 0.244444 0.088542 0.066667
0 0.583333 0.213889 0.077083 0.050000
0 0.330208 0.150000 0.035417 0.055556
0 0.401042 0.190741 0.031250 0.051852
0 0.397396 0.169444 0.042708 0.042593
0 0.529167 0.154630 0.027083 0.035185
0 0.532813 0.205556 0.023958 0.055556
0 0.501042 0.140741 0.029167 0.033333
