0 0.287500 0.718519 0.137500 0.248148
0 0.202604 0.326852 0.169792 0.105556
0 0.653125 0.879630 0.191667 0.240741
0 0.645312 0.677778 0.144792 0.196296
0 0.831250 0.829630 0.152083 0.251852
0 0.591146 0.339815 0.142708 0.101852
0 0.169792 0.181481 0.070833 0.059259
0 0.340104 0.171296 0.057292 0.046296
0 0.330208 0.139815 0.035417 0.031481
0 0.404167 0.187963 0.029167 0.053704
0 0.536458 0.232407 0.079167 0.064815
0 0.545312 0.204630 0.065625 0.046296
0 0.661979 0.233333 0.061458 0.051852
0 0.536458 0.152778 0.029167 0.038889
0 0.515625 0.135185 0.020833 0.033333
