0 0.243750 0.791667 0.206250 0.283333
0 0.410938 0.852778 0.201042 0.294444
0 0.658333 0.817593 0.172917 0.298148
0 0.885417 0.911111 0.216667 0.177778
0 0.852083 0.718519 0.158333 0.225926
0 0.701042 0.632407 0.131250 0.220370
0 0.458333 0.650926 0.129167 0.183333
0 0.338021 0.604630 0.171875 0.220370
0 0.566667 0.276852 0.168750 0.120370
0 0.883333 0.276852 0.075000 0.105556
0 0.845833 0.162037 0.087500 0.079630
0 0.729167 0.217593 0.070833 0.090741
0 0.698438 0.138889 0.053125 0.062963
0 0.696354 0.034259 0.026042 0.035185
