0 0.283854 0.722222 0.134375 0.262963
0 0.645312 0.679630 0.140625 0.207407
0 0.653646 0.878704 0.190625 0.242593
0 0.826562 0.818519 0.157292 0.233333
0 0.360417 0.336111 0.179167 0.109259
0 0.572396 0.242593 0.088542 0.070370
0 0.167708 0.180556 0.072917 0.064815
0 0.316667 0.172222 0.060417 0.051852
0 0.330729 0.145370 0.032292 0.042593
0 0.398958 0.169444 0.039583 0.046296
0 0.402083 0.189815 0.029167 0.061111
0 0.531771 0.157407 0.032292 0.037037
0 0.572396 0.210185 0.076042 0.046296
0 0.503646 0.140741 0.026042 0.037037
