0 0.283333 0.721296 0.131250 0.253704
0 0.644792 0.671296 0.139583 0.183333
0 0.652604 0.877778 0.192708 0.244444
0 0.829688 0.824074 0.155208 0.244444
0 0.167187 0.181481 0.073958 0.062963
0 0.235417 0.168519 0.064583 0.055556
0 0.329688 0.150926 0.034375 0.057407
0 0.370833 0.170370 0.052083 0.048148
0 0.406250 0.194444 0.041667 0.062963
0 0.484896 0.187963 0.034375 0.053704
0 0.517188 0.163889 0.032292 0.046296
0 0.476562 0.146296 0.021875 0.029630
0 0.647917 0.225926 0.085417 0.055556
0 0.658854 0.262037 0.067708 0.064815
0 0.635938 0.351852 0.101042 0.096296
