0 0.284375 0.714815 0.137500 0.240741
0 0.642188 0.672222 0.138542 0.188889
0 0.651563 0.878704 0.190625 0.242593
0 0.830729 0.830556 0.148958 0.261111
0 0.571354 0.349074 0.176042 0.101852
0 0.634896 0.253704 0.092708 0.066667
0 0.620313 0.222222 0.078125 0.055556
0 0.403646 0.196296 0.036458 0.062963
0 0.330208 0.149074 0.037500 0.053704
0 0.381250 0.171296 0.043750 0.057407
0 0.266667 0.167593 0.064583 0.057407
0 0.166667 0.181481 0.072917 0.059259
0 0.485938 0.187037 0.026042 0.055556
0 0.486979 0.143519 0.028125 0.038889
