0 0.285417 0.721296 0.141667 0.253704
0 0.652604 0.879630 0.190625 0.240741
0 0.827083 0.845370 0.160417 0.287037
0 0.644271 0.670370 0.134375 0.188889
0 0.385937 0.331481 0.146875 0.111111
0 0.165625 0.181481 0.075000 0.059259
0 0.497917 0.224074 0.070833 0.062963
0 0.623437 0.229630 0.076042 0.062963
0 0.354687 0.172222 0.055208 0.051852
0 0.328125 0.148148 0.037500 0.048148
0 0.409375 0.181481 0.031250 0.055556
0 0.531771 0.131481 0.019792 0.033333
0 0.486979 0.187963 0.032292 0.046296
0 0.507292 0.171296 0.031250 0.038889
