0 0.241667 0.787963 0.210417 0.279630
0 0.411458 0.851852 0.200000 0.285185
0 0.660417 0.812037 0.175000 0.283333
0 0.882812 0.912037 0.215625 0.175926
0 0.853125 0.713889 0.160417 0.227778
0 0.460417 0.653704 0.127083 0.185185
0 0.338021 0.604630 0.167708 0.224074
0 0.697396 0.627778 0.128125 0.218519
0 0.797917 0.263889 0.172917 0.124074
0 0.539583 0.267593 0.125000 0.090741
0 0.578646 0.193519 0.101042 0.064815
0 0.741146 0.210185 0.063542 0.087037
0 0.735938 0.155556 0.084375 0.077778
0 0.690104 0.047222 0.026042 0.042593
