0 0.319271 0.849074 0.136458 0.205556
0 0.444792 0.809259 0.133333 0.218519
0 0.512500 0.962963 0.160417 0.074074
0 0.644792 0.661111 0.122917 0.151852
0 0.304167 0.460185 0.147917 0.083333
0 0.444271 0.441667 0.134375 0.094444
0 0.636458 0.460185 0.125000 0.087037
0 0.754687 0.363889 0.101042 0.075926
0 0.596354 0.355556 0.065625 0.059259
0 0.515104 0.313889 0.038542 0.046296
0 0.508854 0.271296 0.023958 0.031481
0 0.462500 0.267593 0.027083 0.046296
0 0.496875 0.223148 0.016667 0.027778
0 0.461458 0.200926 0.014583 0.027778
0 0.483854 0.208333 0.013542 0.024074
