0 0.321875 0.850000 0.129167 0.211111
0 0.445833 0.820370 0.137500 0.237037
0 0.514583 0.962963 0.166667 0.074074
0 0.639062 0.648148 0.111458 0.140741
0 0.242708 0.463889 0.089583 0.079630
0 0.357812 0.438889 0.132292 0.085185
0 0.555729 0.461111 0.126042 0.100000
0 0.701562 0.357407 0.098958 0.077778
0 0.564063 0.344444 0.055208 0.051852
0 0.511458 0.306481 0.033333 0.053704
0 0.509896 0.266667 0.021875 0.033333
0 0.461458 0.266667 0.029167 0.040741
0 0.495312 0.223148 0.015625 0.024074
0 0.463542 0.201852 0.012500 0.018519
