0 0.285938 0.712963 0.134375 0.237037
0 0.654167 0.878704 0.193750 0.242593
0 0.645312 0.672222 0.140625 0.185185
0 0.830208 0.835185 0.154167 0.262963
0 0.167708 0.181481 0.072917 0.059259
0 0.321875 0.172222 0.062500 0.055556
0 0.331250 0.145370 0.037500 0.046296
0 0.415625 0.194444 0.039583 0.044444
0 0.433333 0.211111 0.056250 0.066667
0 0.507812 0.200926 0.042708 0.057407
0 0.494271 0.145370 0.036458 0.035185
0 0.453646 0.153704 0.021875 0.033333
0 0.503646 0.161111 0.032292 0.033333
0 0.536458 0.156481 0.033333 0.038889
0 0.625521 0.225926 0.055208 0.051852
