0 0.287500 0.719444 0.141667 0.246296
0 0.642188 0.671296 0.132292 0.183333
0 0.654167 0.877778 0.191667 0.244444
0 0.828646 0.822222 0.151042 0.244444
0 0.520833 0.342593 0.170833 0.100000
0 0.169792 0.181481 0.070833 0.059259
0 0.281771 0.168519 0.065625 0.051852
0 0.329688 0.148148 0.036458 0.051852
0 0.384896 0.171296 0.038542 0.057407
0 0.403646 0.195370 0.036458 0.057407
0 0.483854 0.183333 0.030208 0.055556
0 0.618229 0.251852 0.096875 0.062963
0 0.606771 0.215741 0.078125 0.050000
0 0.493750 0.139815 0.031250 0.035185
