0 0.320833 0.848148 0.133333 0.211111
0 0.442708 0.813889 0.131250 0.224074
0 0.513021 0.961111 0.157292 0.077778
0 0.673438 0.715741 0.113542 0.172222
0 0.385417 0.476852 0.093750 0.090741
0 0.397396 0.437963 0.117708 0.072222
0 0.570833 0.432407 0.116667 0.072222
0 0.636458 0.360185 0.066667 0.050000
0 0.476042 0.303704 0.033333 0.048148
0 0.523438 0.315741 0.034375 0.057407
0 0.458333 0.275926 0.029167 0.040741
0 0.474479 0.256481 0.019792 0.031481
0 0.498437 0.246296 0.019792 0.025926
0 0.959896 0.441667 0.080208 0.094444
