0 0.319271 0.849074 0.136458 0.201852
0 0.444792 0.812037 0.129167 0.227778
0 0.512500 0.962037 0.154167 0.075926
0 0.327083 0.435185 0.112500 0.088889
0 0.658333 0.691667 0.110417 0.161111
0 0.582292 0.461111 0.156250 0.088889
0 0.731771 0.447222 0.136458 0.090741
0 0.744271 0.372222 0.086458 0.062963
0 0.552604 0.339815 0.055208 0.061111
0 0.514583 0.297222 0.029167 0.050000
0 0.467187 0.282407 0.030208 0.053704
0 0.460417 0.259259 0.022917 0.040741
0 0.497396 0.238889 0.013542 0.029630
0 0.488542 0.217593 0.014583 0.031481
