0 0.285938 0.715741 0.134375 0.238889
0 0.651563 0.878704 0.190625 0.242593
0 0.644271 0.677778 0.136458 0.196296
0 0.826562 0.835185 0.157292 0.266667
0 0.250521 0.327778 0.188542 0.107407
0 0.628646 0.342593 0.121875 0.111111
0 0.548438 0.236111 0.078125 0.072222
0 0.168229 0.179630 0.073958 0.059259
0 0.333854 0.171296 0.059375 0.050000
0 0.554688 0.214815 0.069792 0.059259
0 0.330729 0.137963 0.032292 0.031481
0 0.401562 0.187037 0.028125 0.059259
0 0.534896 0.154630 0.028125 0.035185
0 0.514062 0.136111 0.028125 0.031481
