0 0.317708 0.850000 0.131250 0.214815
0 0.446354 0.820370 0.130208 0.229630
0 0.670312 0.722222 0.105208 0.162963
0 0.510417 0.961111 0.160417 0.077778
0 0.422917 0.470370 0.106250 0.092593
0 0.431250 0.432407 0.118750 0.064815
0 0.614062 0.428704 0.111458 0.083333
0 0.658333 0.363889 0.075000 0.064815
0 0.478125 0.300926 0.035417 0.053704
0 0.529167 0.316667 0.035417 0.055556
0 0.458333 0.279630 0.029167 0.048148
0 0.476562 0.261111 0.021875 0.037037
0 0.457292 0.234259 0.020833 0.027778
0 0.496354 0.250926 0.019792 0.024074
