0 0.244271 0.797222 0.205208 0.287037
0 0.409896 0.853704 0.201042 0.292593
0 0.658333 0.817593 0.172917 0.298148
0 0.885417 0.912037 0.216667 0.175926
0 0.854688 0.717593 0.161458 0.224074
0 0.697917 0.632407 0.131250 0.220370
0 0.459375 0.648148 0.125000 0.181481
0 0.337500 0.600000 0.168750 0.211111
0 0.517708 0.280556 0.164583 0.112963
0 0.728125 0.219444 0.077083 0.094444
0 0.821875 0.158333 0.097917 0.083333
0 0.837500 0.289815 0.077083 0.105556
0 0.694271 0.134259 0.051042 0.061111
0 0.694792 0.030556 0.020833 0.031481
