0 0.282813 0.717593 0.134375 0.250000
0 0.653646 0.880556 0.196875 0.238889
0 0.825521 0.830556 0.161458 0.257407
0 0.646354 0.676852 0.142708 0.198148
0 0.305208 0.332407 0.183333 0.105556
0 0.653125 0.343519 0.072917 0.109259
0 0.168229 0.180556 0.073958 0.061111
0 0.324479 0.173148 0.057292 0.053704
0 0.330208 0.142593 0.035417 0.040741
0 0.402604 0.187963 0.028125 0.057407
0 0.514062 0.200000 0.026042 0.062963
0 0.561458 0.207407 0.070833 0.048148
0 0.559375 0.238889 0.081250 0.070370
0 0.535417 0.153704 0.031250 0.040741
0 0.507812 0.137963 0.026042 0.027778
