0 0.286458 0.719444 0.137500 0.246296
0 0.653125 0.879630 0.191667 0.240741
0 0.645312 0.673148 0.138542 0.187037
0 0.825000 0.835185 0.156250 0.270370
0 0.140104 0.160185 0.044792 0.042593
0 0.166667 0.180556 0.075000 0.057407
0 0.330729 0.172222 0.059375 0.055556
0 0.330208 0.136111 0.033333 0.027778
0 0.410938 0.191667 0.034375 0.042593
0 0.427083 0.206481 0.054167 0.064815
0 0.498958 0.194444 0.033333 0.048148
0 0.606250 0.225926 0.035417 0.048148
0 0.507292 0.166667 0.033333 0.040741
0 0.495833 0.142593 0.027083 0.029630
0 0.539583 0.155556 0.031250 0.048148
