0 0.316667 0.853704 0.135417 0.214815
0 0.447396 0.818519 0.128125 0.237037
0 0.509896 0.960185 0.161458 0.079630
0 0.667708 0.713889 0.110417 0.179630
0 0.346354 0.468519 0.084375 0.085185
0 0.349479 0.442593 0.086458 0.070370
0 0.532813 0.431481 0.117708 0.092593
0 0.619271 0.356481 0.069792 0.061111
0 0.522917 0.310185 0.033333 0.053704
0 0.472396 0.297222 0.034375 0.050000
0 0.498437 0.249074 0.019792 0.031481
0 0.489583 0.224074 0.012500 0.025926
0 0.458854 0.270370 0.023958 0.037037
0 0.475000 0.256481 0.014583 0.027778
0 0.462500 0.230556 0.016667 0.024074
